4.927706003189087
4.948196887969971
5.077826023101807
4.960775136947632
5.066241979598999
5.032604932785034
5.057410001754761
5.033071041107178
5.094107151031494
5.020467042922974
5.056830167770386
5.0880420207977295
5.010364055633545
4.948879957199097
5.106552839279175
5.132433891296387
4.973116159439087
5.06563401222229
5.020277976989746
5.132268905639648
1.6831927299499512
1.8833575248718262
1.8753588199615479
1.938403606414795
1.8283216953277588
1.9663984775543213
1.9434025287628174
1.7352545261383057
2.0024421215057373
2.0314395427703857
1.8233213424682617
1.9573943614959717
2.054483413696289
1.76625657081604
1.951413631439209
1.6381843090057373
1.6992273330688477
1.981428861618042
1.7902867794036865
1.8182952404022217
1.9483790397644043
1.9033527374267578
1.7332324981689453
2.0764715671539307
1.930370569229126
1.757270336151123
1.7912921905517578
1.9634182453155518
1.8262901306152344
1.9464056491851807
1.8933489322662354
1.751265525817871
1.6932227611541748
1.9293396472930908
1.739259958267212
1.850334882736206
1.9774067401885986
1.7502436637878418
1.7582728862762451
1.9584171772003174
3.253253698348999
1.8743219375610352
1.765246868133545
1.745204210281372
1.8873560428619385
1.7892875671386719
1.6912198066711426
1.8693294525146484
1.839271068572998
1.8062691688537598
1.8433117866516113
1.64219331741333
1.6912269592285156
1.8523366451263428
1.9803907871246338
1.789269208908081
1.9333961009979248
1.9013793468475342
1.7352588176727295
1.6642026901245117
3.4344284534454346
1.839301586151123
1.801302433013916
1.8002803325653076
2.06246280670166
1.7362325191497803
1.959390640258789
2.005420207977295
1.770256519317627
1.895350456237793
1.9043457508087158
1.7952508926391602
2.0214343070983887
1.8933403491973877
1.833324670791626
1.9683935642242432
2.0524561405181885
1.72422456741333
2.044452667236328
1.9904134273529053
1.8242976665496826
1.842306137084961
1.8603191375732422
1.8603191375732422
1.782261848449707
1.9473798274993896
1.8342998027801514
1.8463141918182373
1.9293725490570068
1.8303031921386719
1.9303739070892334
1.9343769550323486
1.8993513584136963
1.705214023590088
1.90035080909729
2.0654661655426025
1.6981751918792725
2.0094265937805176
1.733227252960205
1.747236728668213
0.8765933513641357
0.7675457000732422
0.7345442771911621
0.9556801319122314
0.7155096530914307
0.6944921016693115
0.8546092510223389
0.7115066051483154
0.7335197925567627
0.8285889625549316
0.6864886283874512
0.7335200309753418
0.8426003456115723
0.7425289154052734
0.7615375518798828
0.8546099662780762
0.7085039615631104
0.734520673751831
0.8766241073608398
0.8646154403686523
0.7735459804534912
0.9016342163085938
0.9156515598297119
0.7074971199035645
0.8956327438354492
0.9326584339141846
0.7014961242675781
0.9186482429504395
0.8736405372619629
0.7895572185516357
0.6904609203338623
0.9726855754852295
0.6984927654266357
0.710500955581665
0.8676114082336426
0.8666112422943115
0.7495307922363281
0.8846232891082764
0.8626091480255127
0.7715442180633545
0.600395679473877
0.7585361003875732
0.5824110507965088
0.886599063873291
0.5744061470031738
0.5763692855834961
0.5874145030975342
0.5944433212280273
0.753530740737915
0.5824117660522461
0.8085422515869141
0.5704033374786377
0.5743799209594727
0.7475283145904541
0.5783860683441162
0.7254822254180908
0.5744054317474365
0.7595362663269043
0.5694029331207275
0.8325884342193604
0.6514585018157959
0.6464564800262451
0.8005890846252441
0.6524913311004639
0.8176136016845703
0.6484835147857666
0.8185794353485107
0.6524600982666016
0.6484856605529785
0.9376723766326904
0.6504843235015869
0.812598466873169
0.654461145401001
0.8206040859222412
0.651482105255127
0.8135991096496582
0.6735119819641113
0.6584668159484863
0.8225736618041992
0.6544890403747559
0.9526746273040771
0.8035802841186523
1.0437700748443604
0.7945828437805176
0.794560432434082
0.7975630760192871
0.7935619354248047
1.071765661239624
0.8005661964416504
0.9476931095123291
0.7945601940155029
0.8156087398529053
0.9756903648376465
0.8055911064147949
0.9536967277526855
0.7935607433319092
0.963676929473877
0.7895791530609131
0.7835516929626465
0.7965867519378662
0.9856958389282227
1.1918251514434814
0.935662031173706
1.1398344039916992
0.8215737342834473
1.6201410293579102
0.8556094169616699
1.1848361492156982
1.0307574272155762
1.1528384685516357
0.8465919494628906
1.8122785091400146
0.9046716690063477
1.105778694152832
0.9837205410003662
1.1698322296142578
0.8345916271209717
2.178520679473877
0.9887537956237793
0.8565819263458252
0.9706912040710449
0.8386197090148926
0.9577093124389648
0.922656774520874
0.840592622756958
0.9986813068389893
1.2568933963775635
1.9693996906280518
1.110762357711792
0.8555998802185059
1.0517520904541016
0.8886294364929199
1.0747380256652832
1.2108616828918457
0.9836986064910889
1.2038805484771729
0.9406988620758057
1.0517475605010986
0.8796267509460449
1.5611059665679932
